1350 0 DivineHare 207 3000
1350 1 DivineHare 207 3000
1350 2 DivineHare 207 3000
1350 3 DivineHare 267 3000
1350 4 DivineHare 267 3000
1270 0 Golem 214 50000
1270 1 Golem 214 50000
1270 2 Golem 214 50000
1270 3 Golem 214 50000
1270 4 Golem 274 50000
1270 5 Golem 274 50000
1270 6 Golem 274 50000
1270 7 Golem 274 50000
1360 0 NightDevil 217 3000
1360 1 NightDevil 217 3000
1360 2 NightDevil 217 3000
1360 3 NightDevil 277 3000
1360 4 NightDevil 277 3000
1280 0 WaterElf 213 3000
1280 1 WaterElf 213 3000
1280 2 WaterElf 213 3000
1280 3 WaterElf 213 3000
1280 4 WaterElf 213 3000
1280 5 WaterElf 273 3000
1280 6 WaterElf 273 3000
1280 7 WaterElf 273 3000
1280 8 WaterElf 273 3000
3321 0 Piglet 223 3000