9851,7487,DESERTTHIEF,47,52,1013
9852,7487,DESERTTHIEF,41,45,1013
9853,7487,DESERTTHIEF,45,42,1013
9854,7487,DESERTTHIEF,54,50,1013
9855,7487,DESERTTHIEF,64,58,1013
9856,7487,DESERTTHIEF,72,58,1013
9857,7487,DESERTTHIEF,77,53,1013
9858,7487,DESERTTHIEF,74,44,1013
9859,7487,DESERTTHIEF,65,38,1013
9860,7487,DESERTTHIEF,58,41,1013
9861,7487,DESERTTHIEF,49,31,1013
9862,7487,DESERTTHIEF,40,32,1013
9863,7487,DESERTTHIEF,30,38,1013
9864,7487,DESERTTHIEF,26,48,1013
9865,7487,DESERTTHIEF,29,60,1013
9866,7487,DESERTTHIEF,36,70,1013
9867,7487,DESERTTHIEF,39,69,1013
9868,7487,DESERTTHIEF,43,77,1013
9869,7487,DESERTTHIEF,51,74,1013
9870,7487,DESERTTHIEF,60,74,1013
9871,7487,DESERTTHIEF,58,58,1013
9872,7487,DESERTTHIEF,55,38,1013
9873,7487,DESERTTHIEF,63,32,1013
9878,2996,THIEFLEADER,28,54,1013
9879,2996,THIEFLEADER,52,38,1013
9880,2997,PLAINSTHIEF,24,38,1013
9881,2997,PLAINSTHIEF,77,54,1013
9882,2997,PLAINSTHIEF,42,71,1013
9883,2997,PLAINSTHIEF,48,46,1013